8371825 16743651
8371825 16743652
8371825 16743653
8371825 16743654
8371825 16743655
8371825 16743656
8371825 16743657
8371825 16743658
8371825 16743659
8371825 16743660
8371826 16743651
8371826 16743652
8371826 16743653
8371826 16743654
8371826 16743655
8371826 16743656
8371826 16743657
8371826 16743658
8371826 16743659
8371826 16743660
8371827 16743651
8371827 16743652
8371827 16743653
8371827 16743654
8371827 16743655
8371827 16743656
8371827 16743657
8371827 16743658
8371827 16743659
8371827 16743660
8371828 16743651
8371828 16743652
8371828 16743653
8371828 16743654
8371828 16743655
8371828 16743656
8371828 16743657
8371828 16743658
8371828 16743659
8371828 16743660