214733 429466
214733 429467
214733 429468
214733 429469
214733 429470
214733 429471
214733 429472
214733 429473
214733 429474
214733 429475
214734 429466
214734 429467
214734 429468
214734 429469
214734 429470
214734 429471
214734 429472
214734 429473
214734 429474
214734 429475
214735 429466
214735 429467
214735 429468
214735 429469
214735 429470
214735 429471
214735 429472
214735 429473
214735 429474
214735 429475
214736 429466
214736 429467
214736 429468
214736 429469
214736 429470
214736 429471
214736 429472
214736 429473
214736 429474
214736 429475